   1 
   2 
   3 
   4 
   5 
   6 
   7 
   8 
   9 
  10 
  11 
  12 
  13 
  14 
  15 
  16 
  17 
  18 
  19 
  20 
  21 
  22 
  23 
  24 
  25 
  26 
  27 
  28 
  29 
  30 
  31 
  32 
  33 
  34 
  35 
  36 
  37 
  38 
  39 
  40 
  41 
  42 
  43 
  44 
  45 
  46 
  47 
  48 
  49 
  50 
  51 
  52 
  53 
  54 
  55 
  56 
  57 
  58 
  59 
  60 
  61 
  62 
  63 
  64 
  65 
  66 
  67 
  68 
  69 
  70 
  71 
  72 
  73 
  74 
  75 
  76 
  77 
  78 
  79 
  80 
  81 
  82 
  83 
  84 
  85 
  86 
  87 
  88 
  89 
  90 
  91 
  92 
  93 
  94 
  95 
  96 
  97 
  98 
  99 
 100 
 101 
 102 
 103 
 104 
 105 
 106 
 107 
 108 
 109 
 110 
 111 
 112 
 113 
 114 
 115 
 116 
 117 
 118 
 119 
 120 
 121 
 122 
 123 
 124 
 125 
 126 
 127 
 128 
 129 
 258 
 387 
 516 
 645 
 774 
 903 
1032 
1161 
1290 
1419 
1548 
1677 
1806 
1935 
2064 
2193 
2322 
2451 
2580 
2709 
2838 
2967 
3096 
3225 
3354 
3483 
3612 
3741 
3870 
3999 
4128 
4257 
4386 
4515 
4644 
4773 
4902 
5031 
5160 
5289 
5418 
5547 
5676 
5805 
5934 
6063 
6192 
6321 
6450 
6579 
6708 
6837 
6966 
7095 
7224 
7353 
7482 
7611 
7740 
7869 
7998 
8127 
8256 
8385 
8514 
8643 
8772 
8901 
9030 
9159 
9288 
9417 
9546 
9675 
9804 
9933 
10062 
10191 
10320 
10449 
10578 
10707 
10836 
10965 
11094 
11223 
11352 
11481 
11610 
11739 
11868 
11997 
12126 
12255 
12384 
12513 
12642 
12771 
12900 
13029 
13158 
13287 
13416 
13545 
13674 
13803 
13932 
14061 
14190 
14319 
14448 
14577 
14706 
14835 
14964 
15093 
15222 
15351 
15480 
15609 
15738 
15867 
15996 
16125 
16254 
16383 
16512 
16513 
16514 
16515 
16516 
16517 
16518 
16519 
16520 
16521 
16522 
16523 
16524 
16525 
16526 
16527 
16528 
16529 
16530 
16531 
16532 
16533 
16534 
16535 
16536 
16537 
16538 
16539 
16540 
16541 
16542 
16543 
16544 
16545 
16546 
16547 
16548 
16549 
16550 
16551 
16552 
16553 
16554 
16555 
16556 
16557 
16558 
16559 
16560 
16561 
16562 
16563 
16564 
16565 
16566 
16567 
16568 
16569 
16570 
16571 
16572 
16573 
16574 
16575 
16576 
16577 
16578 
16579 
16580 
16581 
16582 
16583 
16584 
16585 
16586 
16587 
16588 
16589 
16590 
16591 
16592 
16593 
16594 
16595 
16596 
16597 
16598 
16599 
16600 
16601 
16602 
16603 
16604 
16605 
16606 
16607 
16608 
16609 
16610 
16611 
16612 
16613 
16614 
16615 
16616 
16617 
16618 
16619 
16620 
16621 
16622 
16623 
16624 
16625 
16626 
16627 
16628 
16629 
16630 
16631 
16632 
16633 
16634 
16635 
16636 
16637 
16638 
16639 
16640 
16641 
 130 
 259 
 388 
 517 
 646 
 775 
 904 
1033 
1162 
1291 
1420 
1549 
1678 
1807 
1936 
2065 
2194 
2323 
2452 
2581 
2710 
2839 
2968 
3097 
3226 
3355 
3484 
3613 
3742 
3871 
4000 
4129 
4258 
4387 
4516 
4645 
4774 
4903 
5032 
5161 
5290 
5419 
5548 
5677 
5806 
5935 
6064 
6193 
6322 
6451 
6580 
6709 
6838 
6967 
7096 
7225 
7354 
7483 
7612 
7741 
7870 
7999 
8128 
8257 
8386 
8515 
8644 
8773 
8902 
9031 
9160 
9289 
9418 
9547 
9676 
9805 
9934 
10063 
10192 
10321 
10450 
10579 
10708 
10837 
10966 
11095 
11224 
11353 
11482 
11611 
11740 
11869 
11998 
12127 
12256 
12385 
12514 
12643 
12772 
12901 
13030 
13159 
13288 
13417 
13546 
13675 
13804 
13933 
14062 
14191 
14320 
14449 
14578 
14707 
14836 
14965 
15094 
15223 
15352 
15481 
15610 
15739 
15868 
15997 
16126 
16255 
16384 
